C650

   OneOption0     allOption0      allGoption0
1                                        
2                                         
3                                         
4  162.53*        159.60@                
5  170.06@                                 
6                 161.57@         162.53@
7  164.97@                        163.62@
8  139.68*        159.32@         166.07@
9                                 154.88@





C640
   OneOption0     allOption0      allGoption0
1                                 
2  133.64                         
3                                 
4  
5                                 
6  151.07
7
8 
9                                 



C600
   OneOption0     allOption0      allGoption0
1                 140.68                          
2                                 134.03
3                                 
4                 146.52                 
5                 152.09          151.75      
6                                  
7                                 159.66
8                                 150.6
9                 142.5



C550
   OneOption0     allOption0      allGoption0
1  115.35         139.46          149.72                
2  133.01                         122.53      
3                  81.94           92.40
4                                 161.23 
5                                             
6                                  
7  146.64                         155.24 
8  147.92         150.95                               
9                                            




Collective:
   OneOption0     allOption0      allGoption0
1  115.35         140.68          152.86                
2  133.64                         134.03      
3                  81.94           92.40
4  162.53         146.52          161.23 
5                 152.09          151.75      
6  151.07                          
7  146.64                         159.66 
8  147.92         150.95          150.6                
9                 142.5

=================================================

PiC500
   OneOption0  GOption0          allOption0      allGoption0
1  116.5       117.1                             117.1                 
2   92.6       119                               119         
3   94.8                                               
4                                121.4                  
5  150.6                                                    
6              110.1             128.7           110.1       
7  127.8                                                
8  136.1       139.5                                                  
9                                                152.9 


PiC550
   OneOption0  GOption0          allOption0      allGoption0
1              115.4             139.5           149.7                           
2              133                               122.5            
3                                 81.9            92.4                
4                                                161.2          
5                                                            
6                                                139.6            
7              146.6                             155.2           
8  147.9       144.2             150.9                                     
9                                                            


PiC600
   OneOption0  GOption0          allOption0      allGoption0
1                                140.7                                                                         
2                                                134              
3                                                                     
4                                146.5                                                        
5                                152.1           151.8                                     
6                                                                 
7                                                159.7           
8                                                                          
9                                142.5           150.6                                     




PiC640
   OneOption0  GOption0          allOption0      allGoption0
1               96.2                                                                                           
2  133.6       127.7                                              
3                                                                     
4  162.5                                                                                      
5                                                                                          
6  151.1                                                          
7              153.3                                             
8  139.7       141.5                                                       
9              139.5                                                                       


--------------------------------------------------------------

PiCollectiveSteps256
   OneOption0  GOption0          allOption0      allGoption0
1  116.5       117.1             140.7           149.7                                                         
2  133.6       133.0                             134              
3   94.8                          81.9            92.4                
4  162.5                         146.5           161.2                                        
5  150.6                         152.1           151.8                                     
6  151.1       110.1             128.7           139.6            
7  127.8       153.3                             159.7           
8  147.9       144.2             150.9                                     
9              139.5             142.5           152.9                                     



PiCollectiveSteps256
   Unconstraint Heuristic        Formal
1                                149.7
2                                134
3                                 94.9
4                                162.5
5                                152.1
6                                151.1
7                                159.7
8                                150.9                                     
9                                152.9


